1	4	42.2 	3.76	17	79.6 	12.8 	7.1 	0.5 	12.5 	0.061	0.05 
2	2	20.0 	63.50	-42	40.4 	35.1 	23.0 	1.5 	11.7 	0.285	1.56 
3	1	26.7 	13.45	-24	44.9 	22.1 	31.9 	1.1 	11.8 	0.500	0.19 
4	1	27.4 	11.83	-30	56.2 	30.7 	11.9 	1.2 	11.8 	0.760	0.10 
5	3	17.3 	121.00	-27	53.0 	28.0 	18.5 	0.5 	11.6 	0.460	1.96 
6	1	29.3 	9.09	-15	58.2 	26.5 	14.8 	0.5 	12.0 	0.416	0.08 
7	4	29.6 	8.82	9	63.9 	21.6 	13.7 	0.8 	11.8 	0.270	0.10 
8	2	22.1 	38.55	-28	54.2 	25.6 	19.6 	0.6 	11.8 	0.280	1.82 
9	1	25.6 	15.20	-30	58.6 	23.4 	17.5 	0.5 	11.8 	0.451	0.98 
10	1	24.9 	21.97	-33	47.2 	30.4 	19.8 	2.6 	11.8 	0.526	0.40 
11	1	28.0 	11.29	-12	51.8 	23.5 	23.1 	1.6 	11.8 	0.486	0.10 
12	4	29.5 	8.80	6	61.5 	22.6 	14.7 	1.2 	11.9 	0.240	0.06 
13	1	25.3 	20.75	-39	55.3 	26.4 	16.5 	1.8 	11.8 	0.569	0.71 
14	3	19.2 	157.20	-30	44.2 	34.0 	21.3 	0.5 	11.5 	0.450	2.05 
15	2	19.0 	96.72	-30	48.5 	31.4 	19.3 	0.8 	11.7 	0.254	1.87 
16	3	18.6 	129.60	-33	48.2 	35.2 	16.0 	0.6 	11.2 	0.490	2.12 
17	1	25.0 	19.83	-36	47.2 	26.9 	23.1 	2.8 	11.8 	0.600	0.62 
18	1	29.0 	8.21	-27	52.1 	27.2 	18.7 	2.0 	11.8 	0.422	0.10 
19	4	23.6 	42.58	18	48.4 	16.2 	32.8 	2.7 	11.9 	0.556	0.42 
20	4	27.8 	18.11	18	53.4 	21.2 	24.8 	0.6 	12.1 	0.453	0.51 
21	4	51.5 	1.94	-15	80.1 	18.7 	0.7 	0.5 	12.0 	0.017	0.03 
22	4	52.4 	1.21	-9	80.3 	19.7 	0.0 	0.0 	12.5 	0.0016	0.03 
23	4	47.2 	1.56	-6	85.9 	14.1 	0.0 	0.0 	12.2 	0.0062	0.08 
24	1	24.2 	25.65	-15	48.0 	28.6 	19.1 	4.3 	11.8 	0.962	0.65 
25	2	21.0 	90.54	-35	38.2 	27.4 	29.7 	4.7 	11.9 	0.296	1.09 
26	1	27.1 	13.09	-18	55.1 	24.4 	18.4 	2.2 	11.8 	0.512	0.33 
27	4	24.8 	18.41	-12	57.2 	26.8 	12.9 	3.1 	11.8 	0.310	0.84 
28	3	13.2 	420.00	12	35.7 	24.6 	32.4 	7.3 	11.4 	0.310	1.77 
29	4	31.0 	9.53	-3	73.6 	16.7 	9.2 	0.5 	12.3 	0.125	0.38 
30	4	27.6 	13.96	-12	71.3 	18.3 	9.4 	1.0 	12.0 	0.136	0.49 
31	4	30.2 	8.93	6	63.1 	18.2 	18.2 	0.5 	12.0 	0.350	0.32 
32	4	29.5 	10.81	9	53.1 	25.6 	21.1 	0.2 	11.9 	0.376	0.29 
33	4	26.8 	15.20	9	56.0 	14.5 	29.0 	0.5 	11.9 	0.412	0.36 
34	4	31.0 	9.15	13	65.1 	19.0 	15.4 	0.5 	12.0 	0.300	0.11 
35	4	29.6 	8.73	6	61.7 	22.9 	14.4 	1.0 	11.9 	0.329	0.06 
36	3	16.8 	293.40	-19	44.8 	31.3 	21.6 	2.3 	11.5 	0.560	2.89 
37	3	16.8 	298.20	-19	44.8 	31.3 	21.6 	2.3 	11.4 	0.560	3.35 
38	4	29.2 	8.96	12	54.0 	23.5 	22.0 	0.5 	12.0 	0.352	0.27 
39	4	29.2 	12.60	9	54.0 	24.0 	21.5 	0.5 	12.0 	0.352	0.27 
40	1	28.5 	11.86	-18	51.6 	27.3 	19.1 	2.0 	11.9 	0.573	0.77 
41	2	22.0 	48.50	-45	44.2 	26.5 	27.2 	2.1 	11.8 	0.356	1.73 
42	2	19.4 	81.67	-35	40.2 	33.3 	23.4 	3.1 	11.7 	0.561	1.25 
43	2	19.9 	67.22	-33	40.5 	29.0 	28.0 	2.5 	11.7 	0.498	1.19 
44	2	20.0 	70.44	-33	44.9 	32.1 	20.6 	2.4 	11.9 	0.468	1.22 
45	2	22.8 	54.07	-45	48.8 	29.2 	20.1 	1.9 	12.0 	0.521	1.04 
46	2	19.4 	82.67	-35	40.2 	33.3 	23.4 	3.1 	11.8 	0.572	1.25 
47	1	23.0 	28.79	-30	45.9 	32.5 	18.9 	2.7 	11.7 	0.631	0.70 
48	1	23.1 	27.53	-42	48.6 	29.8 	19.6 	2.0 	11.7 	0.670	0.59 
49	2	20.6 	53.19	-36	44.9 	29.7 	23.2 	2.2 	11.8 	0.443	1.24 
50	3	18.1 	121.90	-24	43.0 	34.3 	19.2 	3.5 	11.5 	0.710	1.97 
51	1	30.1 	7.32	-24	52.7 	33.6 	12.6 	1.1 	11.9 	0.399	0.10 
52	1	25.7 	16.67	-36	48.6 	22.2 	26.6 	2.6 	11.8 	0.815	0.15 
53	4	22.6 	29.44	-12	51.8 	30.6 	17.0 	0.6 	11.7 	0.443	0.31 
54	2	21.6 	45.22	-46	54.2 	26.8 	18.5 	0.5 	12.0 	0.216	2.04 
55	3	14.2 	512.00	12	28.0 	28.8 	39.9 	3.3 	11.6 	0.962	1.89 
56	3	18.2 	139.00	-27	53.0 	28.0 	18.5 	0.5 	11.3 	0.460	1.96 
57	3	14.4 	399.00	5	42.5 	33.1 	22.3 	2.1 	11.6 	0.640	3.62 
58	3	18.5 	120.60	-27	48.7 	30.4 	20.2 	0.7 	11.5 	0.480	1.72 
59	4	43.4 	2.06	6	77.2 	16.5 	5.8 	0.5 	12.2 	0.151	0.09 
60	2	22.2 	53.60	-36	48.0 	27.0 	20.8 	4.2 	11.9 	0.239	1.34 
61	4	36.4 	4.49	18	74.2 	13.5 	11.8 	0.5 	12.2 	0.238	0.18 
62	4	28.7 	21.49	18	65.7 	14.3 	19.0 	1.0 	12.2 	0.227	0.50 
63	1	27.0 	12.53	-21	54.2 	27.7 	16.6 	1.5 	11.7 	0.643	0.41 
64	1	28.3 	9.95	-18	55.4 	27.0 	16.0 	1.6 	11.8 	0.612	0.09 
65	3	18.0 	119.60	-24	43.6 	33.5 	21.0 	1.9 	11.6 	0.688	2.69 
66	1	21.8 	25.12	-36	46.6 	31.4 	20.7 	1.5 	11.6 	0.860	1.05 
67	4	37.3 	2.52	5	63.5 	28.4 	7.6 	0.5 	12.4 	0.140	0.07 
68	4	24.8 	39.35	15	57.8 	21.6 	18.9 	1.7 	12.0 	0.420	0.41 
69	4	27.9 	9.18	-3	56.3 	25.2 	16.9 	1.6 	11.8 	0.394	0.21 
70	4	28.5 	13.5	9	53.8 	22.0 	23.7 	0.5 	12.0 	0.378	0.25 
